gma_pop,1,0.022182,0.0057289,0.014801,0.02166,-0.017589,0.029345,0.16766,0.06237,0.032026,-0.006377,-0.0075788,-0.0073054,0.017724,-0.010106,-0.070852,0.0051901
kt_pop,0.022182,1,0.022874,-0.016333,0.028033,-0.031655,-0.007332,0.016772,0.00078443,-0.17425,0.0082675,0.0057239,-0.0098573,0.012692,0.024416,-0.013169,0.014647
mt_pop,0.0057289,0.022874,1,-0.20034,0.0023829,-0.014402,-0.0034855,-0.017388,0.0061305,-0.018581,0.033928,0.097994,0.0065044,0.0093008,-0.0033957,0.005834,0.00098079
ct_pop,0.014801,-0.016333,-0.20034,1,-0.0065831,0.011932,0.0093212,-0.01666,0.017537,0.019806,0.067762,-0.23659,-0.0008828,-0.013749,0.0020026,0.0030147,0.0040269
ad_pop,0.02166,0.028033,0.0023829,-0.0065831,1,0.0032688,-0.19405,0.021268,-0.0034183,-0.040865,0.0023963,0.016277,-0.40296,0.0073912,0.136,-0.0147,0.0090302
bd_pop,-0.017589,-0.031655,-0.014402,0.011932,0.0032688,1,-0.019884,-0.017745,0.0010234,-0.043145,0.0013535,-0.0085737,-0.010787,-0.32764,0.023009,0.028987,0.00039288
cd_pop,0.029345,-0.007332,-0.0034855,0.0093212,-0.19405,-0.019884,1,0.0066198,0.0048161,0.032408,-0.0058174,-0.013815,0.13127,0.0066119,-0.22338,-0.00082617,0.025154
h_pop,0.16766,0.016772,-0.017388,-0.01666,0.021268,-0.017745,0.0066198,1,-0.013977,0.048031,0.0018552,0.0049656,-0.014142,0.036957,0.00018542,-0.23078,0.0092559
omega_gma,0.06237,0.00078443,0.0061305,0.017537,-0.0034183,0.0010234,0.0048161,-0.013977,1,0.025835,-0.0062763,-0.015717,0.0028411,-0.0128,0.0037843,0.037772,-0.02725
omega_kt,0.032026,-0.17425,-0.018581,0.019806,-0.040865,-0.043145,0.032408,0.048031,0.025835,1,0.026103,-0.030753,-0.0073662,-0.01352,-0.017741,-0.038496,-0.026068
omega_mt,-0.006377,0.0082675,0.033928,0.067762,0.0023963,0.0013535,-0.0058174,0.0018552,-0.0062763,0.026103,1,-0.099564,-0.010861,-0.01161,0.0066177,-0.0075716,-0.01229
omega_ct,-0.0075788,0.0057239,0.097994,-0.23659,0.016277,-0.0085737,-0.013815,0.0049656,-0.015717,-0.030753,-0.099564,1,-0.0095982,0.017549,0.0043297,0.0020563,-0.0083216
omega_ad,-0.0073054,-0.0098573,0.0065044,-0.0008828,-0.40296,-0.010787,0.13127,-0.014142,0.0028411,-0.0073662,-0.010861,-0.0095982,1,-0.0085889,-0.14226,0.018288,-0.0060379
omega_bd,0.017724,0.012692,0.0093008,-0.013749,0.0073912,-0.32764,0.0066119,0.036957,-0.0128,-0.01352,-0.01161,0.017549,-0.0085889,1,-0.048933,-0.014823,-0.021489
omega_cd,-0.010106,0.024416,-0.0033957,0.0020026,0.136,0.023009,-0.22338,0.00018542,0.0037843,-0.017741,0.0066177,0.0043297,-0.14226,-0.048933,1,-0.014115,-0.023327
omega_h,-0.070852,-0.013169,0.005834,0.0030147,-0.0147,0.028987,-0.00082617,-0.23078,0.037772,-0.038496,-0.0075716,0.0020563,0.018288,-0.014823,-0.014115,1,-0.044176
b,0.0051901,0.014647,0.00098079,0.0040269,0.0090302,0.00039288,0.025154,0.0092559,-0.02725,-0.026068,-0.01229,-0.0083216,-0.0060379,-0.021489,-0.023327,-0.044176,1
